00001 0
00002 53
00003 106
00004 159
00005 212
00006 265
00007 318
00008 371
00009 424
00010 477
00011 530
00012 583
00013 636
00014 689
00015 742
00016 795
00017 848
00018 901
00019 954
00020 1007
00021 1060
00022 1113
00023 1166
00024 1219
00025 1272
00026 1325
00027 1378
00028 1431
00029 1484
00030 1537
00031 1590
00032 1643
00033 1696
00034 1749
00035 1802
00036 1855
00037 1908
00038 1961
00039 2014
00040 2067
00041 2120
00042 2173
00043 2226
00044 2279
00045 2332
00046 2385
00047 2438
00048 2491
00049 2544
00050 2597
00051 2650
00052 2703
00053 2756
00054 2809
00055 2862
00056 2915
00057 2968
00058 3021
00059 3074
00060 3127
00061 3180
00062 3233
00063 3286
00064 3339
00065 3392
00066 3445
00067 3498
00068 3551
00069 3604
00070 3657
00071 3710
00072 3763
00073 3816
00074 3869
00075 3922
00076 3975
00077 4028
00078 4081
00079 4134
00080 4187
00081 4240
00082 4293
00083 4346
00084 4399
00085 4452
00086 4505
00087 4558
00088 4611
00089 4664
00090 4717
00091 4770
00092 4823
00093 4876
00094 4929
00095 4982
00096 5035
00097 5088
00098 5141
00099 5194
00100 5247